800065,100007,1902,10692,18509,19528,21939,119932
1599996,199998,1856,12536,23109,24645,28335,150169
2400746,300092,1852,13733,28921,30936,35500,209853
3198888,399859,1840,13561,33684,36159,41667,229734
4003278,500407,1842,3429,38235,41153,47646,861790
4795632,599451,1846,3122,42216,45551,53391,655638
5598771,699843,1828,3038,46645,50504,64106,508565
6397366,799667,1802,3022,50117,54699,76159,700573
7200941,900113,1818,2997,54381,60969,84772,1138954
8005481,1000680,1815,3023,60734,74030,110294,1073243
8804393,1100544,1800,3037,72561,89319,157713,1413322
9604568,1200566,1821,3101,96527,143050,269000,1921774
10396966,1299615,1799,3146,171773,272435,608367,3074773
11198672,1399828,1783,3188,577362,1242697,3949644,97494883
12005442,1500674,1787,3083,661342,1729004,10321840,7420168951
12795972,1599490,1811,3346,295474,680151,4048988,3024121848
13604750,1700586,1821,3845,179348,380062,2193336,5040244026
14407692,1800954,1815,4736,135522,263843,1477221,3024295342
15192498,1899053,1835,7403,115904,183717,987256,3024221566
15275650,1909448,1833,7651,119655,196481,997783,2016291160
15358014,1919743,1823,8161,112478,177351,939766,3024208493
15439668,1929950,1832,10783,149032,226832,845110,2016214833
15515693,1939453,1820,13080,139097,205797,721469,4032212536
15598840,1949846,1829,12394,132265,204225,712265,5040219357
15678188,1959765,1828,13488,135573,196889,640347,5040219488
15763237,1970396,1836,22122,251928,347363,526640,3024193041
15836015,1979493,1827,30833,566798,816839,1348559,3025439736
15920179,1990013,1827,38966,1884832,2033968,2373528,2016280873