400616,50076,1922,33640,115175,116191,118416,258039
799576,99946,1878,101084,118367,119648,122631,752191
1199034,149878,1906,29060,121626,123412,128933,795830
1600847,200105,1849,39587,135069,143877,165160,629785
1998450,249805,1878,101021,189001,215773,382179,1535803
1999405,249924,1876,57273,188651,215098,379628,2017717
2081273,260158,1864,100997,218083,278522,582590,2676377
2159891,269985,1858,100971,267700,396120,937130,3942691
2241069,280132,1842,101038,461219,815201,2258785,13582095
2318102,289761,1857,101151,1056334,2000717,6253013,35382448
2401192,300147,1826,101687,4226724,10799480,40837490,234145138
2478647,309829,1814,123011,3987511,10615719,65791284,3265090002
