400609,50075,1928,101154,115137,116138,118501,235219
799159,99894,1894,31082,118306,119585,122460,374178
1201975,150246,1856,32782,121629,123492,129255,523460
1598456,199806,1871,40533,133694,139943,157333,719772
2000186,250022,1868,77617,180147,217063,408897,2211851
2079053,259880,1870,101054,207947,294073,604848,3053214
2161954,270243,1865,101037,290241,432213,969446,4569135
2237462,279681,1836,101086,441231,735472,1763704,11297103
2320519,290063,1853,101149,837492,1517542,4116080,14320685
2399545,299941,1829,101380,2489620,5776526,21524829,92875553
2476193,309522,1846,115367,4830005,13815302,81727207,1304793857
