399720,49964,1957,23221,115150,116136,118506,274893
800608,100075,1877,101015,118341,119641,122634,442660
1201680,150209,1863,29624,121587,123426,128968,748857
1600708,200087,1865,100994,134811,142664,162916,817901
2000213,250025,1834,58811,189139,215295,388217,1722666
2081016,260125,1833,100950,213309,267429,574393,2707120
2159783,269971,1872,101014,270210,404146,978170,4829077
2237930,279740,1839,101058,440553,740234,2118834,17164187
2321115,290138,1853,101175,1088591,2198820,6221311,23875151
2401250,300154,1837,101638,3973725,9760677,38215824,185998655
2479735,309965,1825,122934,4124807,10897879,75732026,3686874809
