400684,50085,1952,101194,115231,116234,118529,278412
798542,99817,1905,24158,118235,119486,122433,744344
1200463,150057,1877,29141,121667,123481,129442,343993
1599606,199949,1878,45900,135234,143880,165266,780194
2001186,250147,1866,53992,188412,213270,366203,1984380
1999960,249994,1852,100908,189246,214726,369516,1733510
2079248,259905,1848,71122,215628,269774,565409,3681255
2161626,270202,1855,100996,288612,421149,1038450,6029403
2241905,280237,1857,101052,478832,813720,2354659,14322121
2317886,289734,1849,101181,1343585,2932819,11180292,58663949
2399756,299968,1838,117527,4373345,12252107,80306118,1304318162
2477659,309706,1837,123194,3043606,7359033,51801531,3546351821